# Created by Octave 3.6.4, Fri Jun 21 13:28:29 2013 ART <leandro@laptop>
# name: tasas_vs_k
# type: matrix
# rows: 1
# columns: 100
 30.54 43.65 45.68 55.22 64.09999999999999 68.73 70.73 74.39 74.54000000000001 75.36 75.19 76.76000000000001 77.12 77.70999999999999 77.64 78.73999999999999 79.22 79.37 79.63 80.29000000000001 80.45 80.52 80.56999999999999 80.56 80.61 80.56 80.70999999999999 80.76000000000001 80.89 80.88 80.86 80.84999999999999 80.77 80.83 80.87 81.04000000000001 81.28 81.44 81.48999999999999 81.51000000000001 81.55 81.61 81.61 81.66 81.68000000000001 81.72 81.70999999999999 81.70999999999999 81.75 81.75 81.79000000000001 81.75 81.73999999999999 81.73 81.72 81.78 81.73999999999999 81.73 81.78 81.76000000000001 81.79000000000001 81.79000000000001 81.83 81.81 81.81999999999999 81.89 81.90000000000001 81.89 81.88 81.90000000000001 81.92 81.90000000000001 81.89 81.91 81.92 81.90000000000001 81.93000000000001 81.94 81.94 81.93000000000001 81.93000000000001 81.93000000000001 81.94 81.97 81.95 81.97 81.95999999999999 81.95 81.97 81.98 81.98 81.98 81.95999999999999 81.95999999999999 81.94 81.94 81.94 81.94 81.94 81.94


