# Created by Octave 3.6.4, Fri Jun 21 23:28:36 2013 ART <lautarox@lautarox-laptop>
# name: A
# type: matrix
# rows: 1
# columns: 11
 25.1 67.94 70.15000000000001 71.22 73.26000000000001 75.53 77.39 79.27 80.45 80.90000000000001 80.98


