# Created by Octave 3.6.4, Fri Jun 21 20:31:38 2013 ART <lautarox@lautarox-laptop>
# name: tasas_vs_cotas
# type: matrix
# rows: 1
# columns: 50
 81.94 81.73999999999999 81.73999999999999 81.66 81.53 81.61 81.81 81.81 81.83 81.97 81.95 81.98 81.90000000000001 81.92 81.95 81.94 81.92 81.95 81.93000000000001 81.90000000000001 81.91 81.91 81.89 81.92 81.90000000000001 81.89 81.91 81.92 81.95999999999999 81.90000000000001 81.84 81.84 81.84999999999999 81.83 81.8 81.79000000000001 81.79000000000001 81.77 81.73999999999999 81.76000000000001 81.73 81.73 81.73 81.7 81.68000000000001 81.68000000000001 81.69 81.68000000000001 81.69 81.69


